pentatonic 0 200 400 700 900 1200
whole-tone 0 200 400 600 800 1000 1200
major 0 200 400 500 700 900 1100 1200
dorian 0 200 300 500 700 900 1000 1200
mixolydian 0 200 400 500 700 900 1000 1200
minor-harmonic 0 200 300 500 700 800 1100 1200
gipsy 0 200 300 600 700 900 1000 1200
phrygian 0 100 300 500 700 800 1000 1200
octatonic 0 200 300 500 600 800 900 1100 1200
whole-half-half 0 200 300 400 600 700 800 1000 1100 1200
chromatic 0 100 200 300 400 500 600 700 800 900 1000 1100 1200
Lydianpentachord 0 200 400 600 700
Phrygiantetrachord 0 100 300 500
07EDO 0 171 343 514 686 857 1029 1200
17EDO 0 71 141 212 282 353 424 494 565 635 706 776 847 918 988 1059 1129 1200
13EDO 0 92 185 277 369 462 554 646 738 831 923 1015 1108 1200
Overtone 0 1200 1902 2400 2786 3102 3369 3600 3804 3986 4151 4302
Lambda 0 293 439 585 878 1024 1317 1463 1756 1902
Harmonic 0 146 439 585 878 1024 1317 1463 1609 1902
Moll_II 0 146 439 585 878 1024 1317 1463 1756 1902
Dur_I 0 146 439 585 878 1024 1170 1463 1609 1902
Moll_I 0 293 439 732 878 1024 1317 1463 1756 1902
Walker_A 0 146 293 585 732 1024 1170 1463 1609 1902
Walker_B 0 146 439 585 732 1024 1170 1463 1609 1902
Walker_I 0 293 439 732 878 1170 1317 1609 1756 1902
Walker_II 0 293 439 732 878 1170 1317 1463 1756 1902
Gamma 0 146 439 585  878 1024 1170 1463 1756 1902
Dur_II 0 293 439 585  878 1024 1317 1463 1609  1902
BP-Chromatic 0 146 293 439 585 732 878 1024 1170 1317 1463 1609 1756 1902
rast 0 200 350 500 700 900 1050 1200
bayati 0 150 300 500 700 800 1000 1200
husseini 0 150 300 500 700 850 1000 1200
sikah 0 150 350 550 700 850 1050 1200
nahawand 0 200 300 500 700 800 1000 1200
hijaz 0 100 400 500 700 800 1000 1200
nikriz 0 200 300 600 700 900 1000 1200
ajam 0 200 400 500 700 900 1100 1200
kurd 0 100 300 500 700 800 1000 1200